prob_class_0,prob_class_1,prob_class_2,prob_class_3,label
5.4e-05,0.044412,0.002309,0.953225,3
0.603604,0.000165,0.345639,0.050592,2
0.001215,0.000121,0.99796,0.000704,2
5.3e-05,0.000123,0.022417,0.977408,3
4e-06,0.067539,0.865797,0.06666,2
1e-06,2e-06,0.0,0.999997,3
0.001867,0.369908,0.000453,0.627772,3
0.039812,0.015637,0.943398,0.001154,0
0.999006,0.000906,1.4e-05,7.3e-05,0
0.002397,0.994908,0.001902,0.000794,1
0.058387,0.812565,0.003041,0.126007,1
0.435642,0.000314,0.031147,0.532898,3
5e-06,0.001188,1.9e-05,0.998788,3
0.755093,0.205586,0.032606,0.006715,0
0.065407,0.85633,0.068528,0.009735,1
1.8e-05,0.000341,0.000542,0.999099,3
0.501859,0.055653,0.000358,0.442131,0
1.2e-05,1e-06,0.00025,0.999737,3
0.874794,0.026662,0.075001,0.023543,0
0.157866,0.545312,0.005806,0.291016,1
0.014762,0.521638,0.007725,0.455875,3
0.0,0.999924,1.2e-05,6.4e-05,1
0.001805,0.389003,0.0023,0.606893,1
0.035534,0.911307,0.038528,0.014631,1
0.336624,0.419563,0.243261,0.000553,2
4.4e-05,0.999341,0.0,0.000615,1
0.000533,0.304877,0.00053,0.69406,3
0.000133,0.078865,0.778232,0.142771,1
0.031412,0.936055,0.000357,0.032176,1
0.009755,0.008317,0.981558,0.00037,2
0.000134,0.000146,0.955434,0.044286,2
0.00657,0.000995,0.990834,0.001601,2
0.008681,0.067522,0.427727,0.496071,2
0.042721,0.123527,0.033704,0.800048,3
0.000237,0.001996,0.000784,0.996983,3
0.224808,0.003825,0.278636,0.49273,3
0.073964,0.194407,0.112978,0.61865,2
0.043042,0.017033,0.931005,0.008921,2
0.00096,0.971964,0.003423,0.023653,1
0.000325,0.02441,0.018502,0.956762,3
0.000417,0.993366,1.1e-05,0.006206,1
0.978107,0.009085,0.012261,0.000546,0
0.001939,0.028555,0.015373,0.954133,3
0.021414,0.083151,0.553026,0.342409,0
0.020783,9.6e-05,0.174191,0.804929,3
0.000111,0.688493,0.306853,0.004543,2
0.273315,0.687646,0.004968,0.034072,0
0.994788,0.005159,3.2e-05,2.1e-05,0
0.001034,0.687304,0.162752,0.14891,1
0.890873,0.104156,0.000519,0.004452,0
0.969824,0.005134,0.022114,0.002928,0
0.042186,0.31636,0.640673,0.00078,2
0.581064,0.086265,0.256743,0.075929,3
0.01631,0.979985,0.003649,5.6e-05,1
0.009563,0.385468,0.081903,0.523065,3
0.010145,0.10272,3e-06,0.887133,3
0.00133,0.002017,0.042842,0.953811,3
0.001975,0.001913,0.995958,0.000153,2
0.000403,0.837827,0.161488,0.000282,1
0.000126,0.000265,0.999475,0.000134,2
0.913144,0.074355,0.006364,0.006137,1
0.003772,0.996201,4e-06,2.3e-05,1
0.065185,0.399651,0.000246,0.534918,1
0.952724,0.007822,0.000428,0.039026,0
0.013248,0.729977,0.001766,0.255009,3
0.95781,0.000519,0.032363,0.009308,0
0.30712,0.050136,0.014046,0.628698,0
0.020662,0.000304,0.042934,0.936101,0
0.032183,9.7e-05,0.000154,0.967566,3
0.003886,0.000302,0.973939,0.021873,2
9.3e-05,8e-06,1.5e-05,0.999884,3
0.582442,0.030518,0.088238,0.298802,0
0.026959,0.328709,0.619457,0.024875,2
1.3e-05,0.999703,0.000254,3e-05,1
0.004893,0.879814,0.115175,0.000117,1
0.002685,0.00016,0.98843,0.008725,0
1.2e-05,0.000145,0.999834,9e-06,2
0.000349,0.039797,0.00462,0.955233,3
1e-05,0.015422,0.984306,0.000262,2
0.992311,2e-06,0.007101,0.000586,0
0.066737,0.14067,0.792479,0.000114,2
0.18063,0.787352,0.022248,0.00977,1
0.001202,3e-06,0.128916,0.86988,3
0.068525,0.927531,0.002614,0.001331,3
0.845611,0.002721,0.022558,0.12911,0
0.000376,0.426862,0.199929,0.372833,2
0.027718,0.015024,0.030921,0.926336,3
5e-06,0.0,3e-05,0.999965,3
0.263673,0.03655,0.699686,9.1e-05,2
0.43099,0.004804,0.561833,0.002373,2
0.993255,0.001681,0.004825,0.00024,0
0.000315,0.903978,0.095236,0.000472,2
0.004831,0.994609,3.5e-05,0.000525,1
0.945758,0.001113,0.000714,0.052416,0
0.151722,0.012226,0.002004,0.834048,0
8.9e-05,0.004147,0.769128,0.226636,2
0.074742,0.796955,0.013107,0.115197,2
0.000676,0.000221,0.999,0.000103,2
0.001074,0.179678,0.741376,0.077873,2
0.016114,0.013478,0.617543,0.352865,3
0.001281,0.013193,0.982224,0.003302,2
0.125902,0.59807,9e-05,0.275937,1
0.004041,0.016466,0.941941,0.037553,2
0.002335,0.084996,0.905914,0.006754,2
0.997402,3e-05,0.001465,0.001103,0
0.624821,4.7e-05,0.371359,0.003773,0
0.000498,0.000112,0.984987,0.014403,2
0.0007,0.966834,0.000882,0.031584,1
2.5e-05,0.000197,0.505266,0.494513,2
0.001192,0.739098,0.001973,0.257737,1
0.763462,0.046021,0.180072,0.010445,0
0.964243,0.033665,0.000257,0.001835,0
0.001521,0.995445,0.003008,2.6e-05,1
0.002212,0.097558,0.047121,0.853109,3
8.6e-05,0.999658,0.000218,3.7e-05,1
1e-05,0.99634,0.000206,0.003445,1
0.006324,0.444431,0.532634,0.016611,2
0.943246,0.005429,0.000121,0.051204,3
0.00058,0.999369,5e-05,1e-06,1
0.001945,0.004713,0.759595,0.233747,2
0.001836,0.988544,2.6e-05,0.009594,1
0.664584,0.012544,0.320913,0.001959,2
0.945746,0.033415,0.003181,0.017658,1
0.029533,0.000853,0.968237,0.001377,2
0.204971,0.09608,0.564913,0.134037,2
0.173137,0.000685,0.73462,0.091558,2
1.1e-05,0.000473,1.1e-05,0.999505,3
0.996493,0.00343,4e-06,7.3e-05,0
0.000114,0.000108,0.999777,2e-06,2
0.119272,0.527734,0.344172,0.008822,1
0.000459,0.964261,0.031433,0.003847,1
0.972077,0.000387,3e-06,0.027533,0
0.975188,0.001537,0.00121,0.022066,0
0.004992,0.287035,0.011174,0.696799,1
0.000386,0.885139,0.003642,0.110833,3
0.999792,0.00014,4e-06,6.4e-05,0
0.003744,0.995417,6.4e-05,0.000776,1
0.069829,0.001185,0.023781,0.905204,3
0.001489,0.001698,0.009088,0.987726,3
0.422913,0.00529,0.535739,0.036058,0
0.644921,0.013726,0.002182,0.339171,0
0.000263,0.035337,0.146243,0.818157,2
0.99963,0.0,3e-06,0.000368,0
0.009524,0.986267,0.00072,0.003489,1
0.056701,0.769016,0.174274,9e-06,1
0.078149,0.000525,0.207114,0.714213,3
0.725234,0.263634,0.005578,0.005554,0
1.6e-05,0.001643,0.960036,0.038305,2
0.004277,0.15171,0.839067,0.004946,2
0.964804,0.034002,0.00051,0.000684,0
0.000232,0.000483,2.5e-05,0.99926,3
0.000834,0.011094,0.000233,0.987839,3
0.006885,0.073153,0.913488,0.006474,1
0.785215,0.067531,0.000521,0.146732,3
0.025295,0.008214,0.963595,0.002897,2
1.2e-05,0.00137,3e-06,0.998615,3
0.00041,0.000423,0.001876,0.99729,3
0.002734,0.001058,0.99577,0.000439,2
4e-06,0.999502,3e-06,0.000491,1
0.35077,0.433718,0.067751,0.147761,0
0.013146,0.463355,0.520033,0.003465,2
0.262959,0.230931,0.01918,0.48693,0
0.003713,0.784974,1.1e-05,0.211301,3
0.203274,0.005043,0.001341,0.790342,3
0.001251,0.000924,0.97776,0.020065,0
0.000635,0.001287,0.638126,0.359951,2
0.27156,0.003313,0.37349,0.351637,0
0.99579,0.00088,0.000241,0.00309,0
1e-06,0.996205,0.000131,0.003663,1
0.139068,0.01727,1.6e-05,0.843646,3
0.269094,0.000889,0.000478,0.729539,3
9.9e-05,0.998382,0.001081,0.000438,2
0.002192,0.00249,0.984209,0.01111,2
0.016459,0.946122,0.006194,0.031225,2
0.803088,0.083911,0.109344,0.003657,0
0.000111,0.99762,0.00217,9.9e-05,1
0.256151,0.574574,7e-06,0.169268,3
0.592268,0.406942,0.000619,0.000171,1
0.704213,0.015535,0.005632,0.27462,0
0.969567,0.007014,0.000715,0.022704,0
2.5e-05,0.00021,0.998683,0.001082,2
0.991408,0.005224,0.002144,0.001225,0
5.8e-05,0.001435,6e-06,0.9985,3
0.063705,0.006086,0.013258,0.916952,3
0.000432,3.1e-05,0.999511,2.6e-05,2
7.6e-05,0.938351,0.000167,0.061406,1
0.55356,0.161124,0.000417,0.284898,3
0.581606,0.007282,0.344553,0.066558,2
0.208789,0.790623,0.000202,0.000386,1
0.236589,0.718374,0.001551,0.043486,1
4.8e-05,0.082509,0.001089,0.916354,1
0.000172,0.001533,0.00135,0.996945,3
0.999885,8.2e-05,3e-05,3e-06,0
0.549302,0.363793,0.083446,0.003459,0
0.000592,0.00199,0.997113,0.000305,2
0.003652,0.00402,0.000245,0.992083,1
3.4e-05,0.00868,0.046153,0.945133,3
0.805375,0.062336,0.073765,0.058524,0
0.000148,0.026534,0.003175,0.970143,3
0.916759,0.026104,0.056275,0.000861,0
0.003788,0.973721,0.00717,0.015321,1
0.042672,0.039182,0.785055,0.13309,3
0.997636,0.000892,0.001449,2.4e-05,0
3.9e-05,0.000532,0.988397,0.011032,2
0.053278,0.038422,0.681613,0.226687,2
0.000506,0.795011,0.20352,0.000964,1
0.921606,0.051194,0.008531,0.018669,0
0.829037,0.032604,0.020988,0.117372,2
0.512204,0.482015,0.001537,0.004244,1
0.000504,0.001463,0.007445,0.990588,3
0.035808,0.060809,0.903372,1e-05,2
0.002058,0.950051,0.000966,0.046924,1
0.330328,0.000498,0.610102,0.059071,0
0.000651,0.005437,0.992974,0.000938,2
3.8e-05,0.981185,0.015577,0.003199,1
0.027512,0.541954,0.430031,0.000504,2
0.638748,0.000376,3.6e-05,0.360841,3
0.122869,0.502162,0.367027,0.007942,1
0.00209,0.05693,0.33642,0.604559,3
5e-06,1e-06,0.999994,0.0,2
0.407038,0.00547,0.531714,0.055778,2
0.177992,0.545017,0.032646,0.244345,3
2.5e-05,0.000572,0.000708,0.998695,3
0.010916,0.074845,0.294486,0.619753,3
1e-06,2e-06,1e-06,0.999996,3
0.04206,0.177125,0.025496,0.755318,0
0.181832,0.801666,0.004922,0.01158,1
0.000111,1.3e-05,6e-05,0.999815,3
2.3e-05,0.993133,0.000248,0.006596,1
0.992756,0.000553,0.006685,6e-06,0
0.033939,0.000201,0.963741,0.002119,2
0.0,8e-06,0.000151,0.999841,3
0.029777,0.027249,0.022062,0.920912,2
0.988845,0.004764,0.002262,0.00413,3
0.003202,0.750455,0.236319,0.010024,2
0.917953,7.7e-05,0.081933,3.7e-05,0
0.001207,0.005244,0.032111,0.961438,3
0.190106,0.737019,0.001245,0.07163,1
0.004228,0.000704,0.000798,0.994269,3
1.8e-05,8.4e-05,3.5e-05,0.999863,3
0.007883,0.955422,2.6e-05,0.036669,3
0.917209,0.000255,0.000183,0.082353,0
0.001088,9.4e-05,5.8e-05,0.998761,3
0.180938,0.001182,0.457713,0.360167,2
0.159989,0.499514,0.183085,0.157412,1
0.000185,0.015289,0.135467,0.849058,3
0.0,3.1e-05,0.000685,0.999284,3
1e-06,0.991496,0.001613,0.006891,2
0.99582,0.003858,0.000317,6e-06,0
0.001349,2.4e-05,1.3e-05,0.998614,2
0.763191,0.175464,4.9e-05,0.061296,0
0.992586,0.007347,6.5e-05,2e-06,0
0.981776,1.9e-05,8.3e-05,0.018122,0
0.018516,0.001821,0.002151,0.977512,0
0.494329,0.008808,0.378804,0.118059,3
0.000195,0.99956,1.3e-05,0.000232,1
0.016767,0.010323,0.97215,0.00076,0
0.999482,0.000283,0.000133,0.000102,0
0.00054,0.99943,2.9e-05,1e-06,1
0.124955,0.672033,0.166913,0.036099,1
0.003069,0.996304,0.000233,0.000394,1
7.2e-05,0.003362,0.000177,0.996388,3
0.008051,0.19295,0.554709,0.24429,3
6.7e-05,4.5e-05,0.872085,0.127803,2
0.134645,0.003668,0.848146,0.013541,3
0.030463,0.005754,0.0,0.963783,1
0.999839,3e-06,0.00012,3.8e-05,0
0.194722,0.203375,0.018549,0.583354,1
0.166325,0.025625,0.000891,0.807159,0
0.022779,0.424551,0.000621,0.552049,3
0.999113,9e-06,0.000751,0.000127,0
0.001008,0.988687,0.004945,0.00536,1
0.993757,0.006036,0.000151,5.6e-05,0
7e-06,2e-06,6.2e-05,0.999929,3
0.998968,0.000591,0.000391,5e-05,0
0.001756,0.001314,0.989527,0.007402,2
0.699594,0.022699,0.041553,0.236154,3
0.005307,0.000175,0.994101,0.000417,2
0.000214,1e-06,2.1e-05,0.999763,3
4.1e-05,0.054364,0.260011,0.685585,3
0.02062,0.0965,0.000278,0.882602,3
0.003645,0.006578,0.956037,0.03374,2
0.003527,0.009028,0.00352,0.983925,2
0.40806,0.109018,0.474014,0.008908,2
0.004508,0.002965,5e-06,0.992522,3
0.996835,5.3e-05,0.002715,0.000397,1
0.002633,0.252769,9.7e-05,0.744501,3
0.342359,0.002062,0.001043,0.654536,3
1.8e-05,0.998948,4e-06,0.00103,1
2.2e-05,0.999221,0.000756,0.0,1
0.006685,0.000254,0.210183,0.782878,2
0.000123,0.000147,0.328419,0.671311,3
0.999745,0.000192,5e-06,5.8e-05,0
0.996233,0.003367,0.000185,0.000215,0
0.181263,0.000355,0.816224,0.002158,0
0.000685,0.626131,0.210876,0.162307,1
0.985033,0.001574,0.013322,7.1e-05,0
0.000423,0.275542,0.649521,0.074514,2
0.048214,0.008344,0.145683,0.797759,2
0.017612,0.000753,0.021481,0.960155,3
0.00096,0.016839,0.98217,3.1e-05,2
0.011387,0.983477,0.005015,0.000121,1
0.053576,0.141549,0.21908,0.585796,3
0.001033,3e-06,7.4e-05,0.99889,3
3.6e-05,6.2e-05,0.99981,9.2e-05,2
0.00013,0.00064,0.99923,0.0,2
0.013813,0.967164,0.006271,0.012753,1
0.006319,0.211844,0.659723,0.122114,2
0.729349,0.000185,0.00261,0.267856,0
0.026281,0.001377,0.971757,0.000586,2
0.028547,0.175473,0.001006,0.794973,3
0.806723,0.005787,0.047342,0.140148,3
0.000114,0.035575,0.963898,0.000413,1
0.006709,0.737899,0.020017,0.235375,1
0.002237,0.607972,0.292384,0.097407,2
0.003056,0.996016,1.8e-05,0.00091,1
0.052375,0.031075,0.012264,0.904286,2
0.968472,0.006841,0.011842,0.012845,0
0.994031,5.3e-05,0.000148,0.005768,0
0.996906,0.001712,0.000948,0.000434,0
0.000195,0.977316,1e-05,0.022479,1
0.993018,0.000167,0.006808,8e-06,0
0.001727,0.789848,0.091099,0.117326,1
0.000396,0.002502,3e-06,0.997099,3
0.003347,0.032574,0.068546,0.895534,3
2.3e-05,6.8e-05,0.001351,0.998558,3
0.322441,0.003003,0.670807,0.003749,2
0.918989,4e-06,0.080548,0.000458,0
3.5e-05,0.001027,0.997902,0.001036,2
0.004775,0.000304,0.986416,0.008505,2
0.003156,0.31907,0.006973,0.670801,3
0.001025,0.831029,0.167629,0.000317,1
0.994003,0.003316,0.002679,2e-06,0
0.034353,0.327409,0.576841,0.061396,2
1e-06,0.985081,0.000148,0.01477,1
5e-05,0.101061,0.756047,0.142841,2
7.3e-05,0.02225,0.97758,9.7e-05,1
0.001355,0.597295,0.000524,0.400826,1
0.99843,6e-06,0.0,0.001564,0
0.344573,0.145782,0.398086,0.111559,3
0.000262,7e-06,6e-06,0.999726,3
1e-06,0.999987,1.1e-05,1e-06,1
0.854532,0.142692,0.00276,1.7e-05,0
0.0328,0.667958,0.298183,0.001058,2
0.102249,0.896023,0.000177,0.001551,1
0.000511,0.011985,0.832072,0.155432,2
0.982548,9e-06,0.003261,0.014182,0
0.955475,0.044025,0.000385,0.000116,0
0.426502,0.001071,0.004888,0.567538,2
0.969655,0.027975,0.001057,0.001314,0
8.4e-05,0.000918,0.998995,3e-06,2
0.460536,0.168996,0.001968,0.368499,1
0.277275,2.8e-05,0.72248,0.000216,0
0.020215,0.017534,0.664131,0.298119,3
0.005811,3e-05,0.99413,2.9e-05,2
0.000722,0.63215,0.005541,0.361587,3
0.430332,0.001526,4.5e-05,0.568098,3
6e-06,0.006477,0.993478,3.9e-05,2
0.016239,0.181383,0.111449,0.690929,3
0.999143,3e-06,0.000408,0.000445,0
0.000618,0.003524,3.5e-05,0.995823,3
0.137575,0.033582,0.003912,0.824931,3
0.01689,0.000318,0.844175,0.138617,2
0.16391,0.798376,0.003042,0.034672,3
0.005992,0.00071,0.993008,0.00029,2
0.05944,0.020847,0.014116,0.905598,3
0.001387,0.000846,0.000828,0.996938,3
0.000741,0.628762,0.304286,0.066211,2
0.001545,0.000966,0.900184,0.097304,3
0.0,2e-06,5e-06,0.999993,3
0.000925,0.997619,2.5e-05,0.001432,1
0.799297,0.19523,0.000109,0.005364,0
0.99523,0.000154,0.003117,0.001499,0
0.009899,0.525615,0.441109,0.023377,0
2e-06,0.997737,0.000215,0.002046,1
0.998551,2.5e-05,0.001366,5.8e-05,0
0.00668,0.757445,0.008027,0.227848,1
0.017837,0.942545,0.005366,0.034251,1
0.000654,0.002121,0.995469,0.001755,2
0.155557,0.000292,0.745693,0.098457,0
0.003709,0.000819,0.687581,0.307891,3
0.559349,0.014831,0.014956,0.410864,0
0.000622,0.357733,4.7e-05,0.641599,3
0.000177,0.835272,0.161541,0.00301,2
0.97807,0.021734,1.8e-05,0.000178,0
0.415878,0.339365,0.165843,0.078914,0
0.002963,0.881684,0.002461,0.112893,1
0.523083,1.7e-05,0.47532,0.00158,2
0.9986,0.000108,0.001209,8.3e-05,0
0.994938,0.001364,0.000624,0.003075,0
0.874076,0.000142,0.09,0.035781,0
0.000133,0.004067,0.995792,8e-06,2
0.0627,0.557486,0.379228,0.000586,0
0.902348,0.03788,0.057557,0.002214,0
0.056741,0.134891,0.001369,0.806999,1
0.001108,0.843459,0.056782,0.098652,1
0.001812,0.005685,0.050869,0.941634,2
0.006747,3.5e-05,0.000972,0.992246,3
0.012716,0.729332,0.185226,0.072726,3
0.002953,8.3e-05,0.990895,0.00607,2
0.999489,0.000402,6.8e-05,4e-05,2
0.033297,0.000549,0.001763,0.964392,3
0.031876,0.845887,0.000794,0.121444,1
0.08076,0.091146,0.789529,0.038565,2
0.989139,9e-06,0.000931,0.009921,0
0.005602,0.035653,0.074001,0.884744,2
0.999372,0.000613,2e-06,1.3e-05,0
0.913603,0.068487,0.000977,0.016933,0
0.000372,0.001305,0.002312,0.996011,3
2e-06,0.00261,0.997383,5e-06,2
4.9e-05,0.999545,0.000404,2e-06,1
0.707275,0.000821,0.000123,0.291781,0
0.991912,0.000561,0.007289,0.000238,0
0.002917,0.091353,0.005436,0.900294,3
0.084552,0.906393,0.00629,0.002765,1
0.000134,0.00248,3e-05,0.997356,3
0.001313,0.010608,0.000365,0.987714,3
0.022982,0.377332,0.000663,0.599022,3
0.968691,0.002554,0.000661,0.028094,0
0.205773,0.426068,0.32565,0.042509,0
1e-06,0.0,0.999998,1e-06,2
0.126985,0.87258,0.000398,3.7e-05,1
0.090632,0.712148,0.000241,0.196979,3
0.030865,0.437956,0.530941,0.000238,1
0.534681,2e-05,0.465202,9.7e-05,0
0.000513,0.002179,0.002092,0.995216,0
0.001509,0.487675,0.024727,0.486089,1
0.001381,0.037762,0.96017,0.000687,2
0.796054,0.005658,0.000333,0.197956,0
0.000109,0.234703,0.122495,0.642692,3
0.001339,0.819998,0.054976,0.123687,1
0.00099,0.998085,7.9e-05,0.000846,1
4.5e-05,0.048791,0.949745,0.001419,2
0.183693,0.044845,1e-06,0.771461,3
3e-06,0.630096,0.369857,4.5e-05,1
0.001481,0.000557,0.003391,0.994571,3
0.287285,0.037964,0.674382,0.000369,1
0.872216,0.101038,0.026559,0.000187,0
3.2e-05,6.6e-05,0.000226,0.999676,3
3.1e-05,0.006155,0.00946,0.984354,3
0.002393,0.05619,0.002553,0.938863,3
0.000917,0.036688,1e-06,0.962395,3
0.008645,0.990253,0.001032,7e-05,1
0.894792,0.002946,0.101982,0.00028,0
0.549381,0.016941,0.432786,0.000892,2
0.003789,0.001354,0.953928,0.040928,2
0.206021,0.611922,0.157998,0.024059,1
0.001519,0.252818,0.745295,0.000368,2
0.000722,0.164701,0.000599,0.833978,1
0.004702,0.05632,0.877613,0.061365,2
0.855692,0.001636,0.004591,0.138082,3
0.999943,2.8e-05,2e-05,9e-06,0
5e-06,0.183214,0.816762,1.9e-05,1
0.712312,0.087112,0.182694,0.017882,2
0.155649,0.000324,0.844018,8e-06,0
0.109065,0.094011,0.742471,0.054453,2
0.014048,0.001597,0.003531,0.980824,3
1e-06,0.025425,0.280207,0.694367,3
0.197037,0.000138,0.802002,0.000824,2
0.001706,0.180678,0.00089,0.816726,3
4.2e-05,0.981371,0.017018,0.001568,1
3e-06,0.999995,1e-06,1e-06,1
0.017972,0.061086,0.916405,0.004537,0
3.9e-05,9.3e-05,0.999845,2.2e-05,2
0.009086,0.989963,0.000143,0.000808,1
0.002195,0.024525,1e-05,0.97327,3
0.022603,0.84597,0.094801,0.036625,1
5e-06,1e-06,6e-06,0.999987,3
0.999035,0.00016,0.0008,5e-06,0
0.975453,0.023633,0.000395,0.000519,0
0.026218,0.910516,0.000806,0.06246,1
0.70748,0.274681,0.012629,0.00521,0
0.019705,0.974462,0.001811,0.004023,1
0.00164,0.001204,0.997155,1e-06,2
0.001505,0.001411,0.995823,0.001261,2
0.680949,0.273681,0.044581,0.00079,0
0.99519,0.002973,2.7e-05,0.00181,0
0.001189,0.315923,0.681918,0.00097,2
0.001495,0.00046,0.990301,0.007744,2
0.00688,0.001163,0.0,0.991957,3
1.1e-05,0.006751,0.096495,0.896743,3
0.004317,0.983693,0.009316,0.002673,1
0.367202,0.001089,0.615089,0.01662,0
0.229238,0.746798,0.016159,0.007805,1
0.117571,0.350179,0.060199,0.472051,3
5e-06,0.999946,2.4e-05,2.4e-05,1
0.544614,0.175675,0.033334,0.246377,3
0.648514,0.001811,0.349341,0.000333,2
3.5e-05,4.4e-05,0.992119,0.007802,2
0.993,0.000499,0.000222,0.006279,0
1e-06,0.0017,0.442219,0.55608,2
0.403703,0.594178,0.002119,1e-06,1
0.000215,0.000754,0.023376,0.975655,3
0.891846,0.002385,0.009125,0.096645,0
0.03723,0.001896,0.000116,0.960758,0
0.770618,0.150421,0.052506,0.026454,2
0.00654,0.01685,0.9137,0.062911,2
0.004649,0.197347,0.031357,0.766646,3
0.000511,0.000191,0.998981,0.000317,2
0.044016,0.680384,0.000211,0.275389,1
4.5e-05,0.996179,0.003769,7e-06,1
0.002247,0.993393,0.003259,0.001102,1
0.023231,0.00123,0.974846,0.000693,2
0.020732,0.000871,0.930874,0.047523,2
0.033998,0.915756,0.00114,0.049106,1
0.983741,0.001325,0.000286,0.014648,0
0.835418,0.000197,0.162871,0.001514,2
0.000843,0.0222,0.001838,0.975119,0
0.961607,0.001645,0.008803,0.027945,0
0.001785,0.99318,0.000165,0.00487,1
0.0155,0.556333,0.012596,0.41557,3
0.012484,0.925598,0.052701,0.009217,1
0.003291,0.010178,0.974927,0.011603,2
0.99896,0.000431,8e-06,0.000601,0
1.5e-05,0.993184,0.006757,4.4e-05,1
0.000435,0.000744,7.4e-05,0.998747,3
0.364565,3.6e-05,0.02978,0.60562,3
0.10249,0.482099,0.41047,0.004942,2
0.033611,0.041686,0.29867,0.626033,3
6.3e-05,0.994204,0.001169,0.004564,1
0.232418,0.052708,0.10459,0.610284,0
0.533093,0.418716,0.021386,0.026805,0
0.770919,0.050954,0.00148,0.176646,0
0.00679,0.002711,0.001936,0.988562,3
0.012178,0.009875,0.001788,0.976158,3
0.798386,0.197352,0.004253,9e-06,0
0.908793,0.022692,0.059456,0.009059,2
0.015363,0.976643,0.007977,1.6e-05,0
0.015842,0.000931,0.967331,0.015897,3
0.071752,0.609053,0.175953,0.143243,0
0.0,0.000196,0.999804,0.0,2
0.779591,3.5e-05,0.219667,0.000707,0
0.000922,0.044651,0.954152,0.000274,2
0.000156,4e-06,0.0,0.99984,3
0.001042,0.000479,0.998452,2.8e-05,2
0.000602,0.94868,0.007351,0.043366,1
0.037572,0.000312,0.00568,0.956436,3
0.000146,0.908017,0.000223,0.091615,1
0.02212,0.005934,0.000101,0.971844,3
0.005075,0.421255,0.035423,0.538247,3
0.014506,0.955851,0.000152,0.029491,1
0.002307,0.002234,0.994868,0.000591,2
2.4e-05,5.6e-05,0.008941,0.990979,3
0.301659,0.676695,0.00474,0.016906,0
0.550329,0.000768,0.44824,0.000664,0
5e-06,0.999882,4.8e-05,6.6e-05,1
0.000359,0.47066,0.272197,0.256784,0
0.008544,0.072458,0.000395,0.918603,3
0.000257,0.000829,0.057095,0.941818,3
5.1e-05,0.998106,0.001605,0.000238,1
0.092385,0.906494,0.000226,0.000896,1
0.453411,2.4e-05,0.53256,0.014006,2
0.577269,0.260949,0.032334,0.129448,1
0.984996,0.000106,2.2e-05,0.014876,0
0.51447,0.056707,0.365518,0.063305,2
0.077068,0.685157,0.159082,0.078692,2
0.961049,0.000457,0.024341,0.014154,0
0.002728,0.030651,0.000132,0.966488,3
0.001186,0.000762,0.998043,9e-06,2
0.0,2.9e-05,5.6e-05,0.999915,3
0.233189,0.002665,0.411621,0.352525,3
4e-06,0.883262,0.113726,0.003008,2
0.000194,0.998341,8.4e-05,0.001381,1
0.000291,0.011836,0.458211,0.529661,1
0.022384,0.009529,0.967473,0.000614,2
0.998791,0.000587,0.000371,0.000251,0
0.995079,0.001607,0.003304,1.1e-05,0
0.006255,0.958089,0.034736,0.00092,2
0.366285,0.44563,0.164163,0.023922,3
0.00711,4.5e-05,0.000133,0.992712,3
3e-05,0.000816,0.909168,0.089986,3
0.999761,6.4e-05,0.000137,3.9e-05,0
0.036997,0.839979,0.025269,0.097755,1
0.008734,0.302387,0.002958,0.68592,1
0.000425,0.007721,0.991726,0.000128,2
6.5e-05,0.0,0.99962,0.000315,2
0.952749,0.000456,0.04674,5.5e-05,0
0.000595,0.058293,0.939698,0.001414,2
0.057172,0.000146,0.941941,0.000741,2
2e-06,0.00011,1e-06,0.999887,3
0.00043,0.97291,0.011347,0.015313,2
0.264018,0.001421,0.128234,0.606327,0
0.000102,0.162213,0.000425,0.837261,3
0.738524,0.011581,9e-06,0.249886,0
0.999495,0.000425,7.1e-05,9e-06,0
0.001757,0.535215,0.037511,0.425517,3
1.6e-05,0.999943,2.8e-05,1.3e-05,1
0.286887,0.019944,0.692363,0.000806,2
0.595384,0.015407,0.122126,0.267083,0
0.011776,0.021171,0.959218,0.007835,2
0.096441,0.375119,0.41525,0.113189,1
0.028537,0.088713,0.004846,0.877904,3
0.031369,0.059985,0.719666,0.188979,2
1.5e-05,1e-06,3.3e-05,0.999951,3
1.2e-05,0.003013,0.005685,0.99129,3
0.000176,0.878826,0.002949,0.118049,3
0.886019,0.088456,0.016965,0.00856,0
0.034601,8.4e-05,3.2e-05,0.965283,3
0.126231,0.407181,0.074495,0.392093,2
0.000177,0.999742,1e-06,8e-05,1
0.014033,0.033276,0.003779,0.948912,1
0.000147,6.9e-05,0.988107,0.011677,2
0.990309,4e-05,0.000355,0.009297,0
0.123373,0.000767,0.087183,0.788677,0
0.005372,7e-05,0.002196,0.992362,3
0.029387,0.281781,0.028619,0.660213,3
0.014759,0.00052,0.983362,0.001359,2
0.994308,0.003711,2.6e-05,0.001955,3
0.196981,0.640991,0.081954,0.080075,1
0.549251,0.010772,0.439282,0.000694,2
0.101887,0.023446,0.015005,0.859661,0
5.2e-05,0.998869,0.000741,0.000338,1
0.003875,0.000275,0.121969,0.87388,0
0.001549,0.997932,0.000245,0.000274,1
6e-05,0.998487,0.001234,0.000219,1
0.000576,0.99523,0.004067,0.000127,1
0.330974,0.505309,0.001985,0.161732,1
0.997793,0.000292,0.001899,1.5e-05,0
0.003731,0.003519,0.992663,8.6e-05,1
0.102194,0.001095,0.000702,0.896009,3
0.002291,0.785226,0.209463,0.003021,1
0.013397,0.000158,0.984937,0.001509,2
0.900272,0.022294,0.024682,0.052752,0
0.084927,0.67246,0.00276,0.239853,1
5.8e-05,0.001482,0.998118,0.000342,3
5.1e-05,0.003231,0.000353,0.996364,2
0.000262,0.37773,0.542683,0.079325,0
0.022361,0.126928,0.35793,0.49278,2
0.001411,0.017854,0.806408,0.174327,3
0.001444,0.856804,7.7e-05,0.141675,1
0.997116,3.1e-05,0.002564,0.000288,0
6.3e-05,0.000573,5.4e-05,0.999309,3
5.2e-05,0.993965,0.000377,0.005606,1
0.000286,0.000319,4.6e-05,0.999349,3
0.000238,0.999048,0.000684,3e-05,1
0.001125,0.826045,0.001949,0.170881,1
0.002306,1.1e-05,1.7e-05,0.997666,3
0.894956,0.001458,0.102672,0.000914,0
0.793985,0.003792,4.2e-05,0.202181,0
2.5e-05,0.000169,0.0001,0.999707,3
0.008538,0.010985,6.8e-05,0.980409,3
9.9e-05,0.020795,0.024861,0.954246,3
0.999778,8.7e-05,0.000107,2.7e-05,0
0.600262,0.159716,0.239844,0.000178,0
0.038573,0.92571,0.029113,0.006604,1
1e-06,1e-06,0.999925,7.4e-05,2
0.003874,0.773215,0.091816,0.131095,3
1e-05,7.6e-05,0.021031,0.978883,3
0.001622,0.977583,0.020789,6e-06,1
0.01685,0.00347,0.001029,0.978652,3
0.012443,0.983106,0.000229,0.004222,1
0.999955,1e-06,0.0,4.4e-05,0
0.011631,0.949513,6.8e-05,0.038788,1
0.92633,0.002671,0.012959,0.05804,0
0.058742,0.044808,0.7832,0.11325,2
0.074789,0.861055,0.000868,0.063287,3
0.999065,1.2e-05,0.000325,0.000598,0
0.300343,0.002741,0.696911,5e-06,0
0.637387,0.361866,0.000397,0.00035,0
0.815636,0.183354,2.2e-05,0.000988,0
0.002736,0.025618,0.937036,0.034609,2
0.015821,0.064926,0.911613,0.00764,2
4.8e-05,4.8e-05,2e-06,0.999901,3
0.022283,0.063943,0.910233,0.00354,1
0.021812,0.004511,0.010069,0.963608,3
0.000398,0.00253,0.996742,0.00033,3
0.175608,0.531301,0.006132,0.286959,3
0.9935,4e-06,0.006433,6.3e-05,0
0.002288,0.92277,0.012237,0.062705,1
0.000526,0.00022,0.000242,0.999012,3
0.03416,0.000146,0.000437,0.965257,3
0.957309,0.016501,0.002901,0.023289,0
5.8e-05,0.000322,1.7e-05,0.999603,3
5.3e-05,0.962743,0.001342,0.035862,3
0.92092,7e-06,0.021265,0.057808,0
0.992218,0.0,0.00777,1.2e-05,0
0.819462,0.005567,0.14168,0.033291,1
0.041949,0.865104,0.000176,0.092771,1
0.947766,0.005815,0.020025,0.026394,0
0.664796,9.9e-05,9.2e-05,0.335013,0
0.997342,0.001323,0.000264,0.001071,0
0.001526,0.062676,0.000174,0.935624,1
0.090821,0.903071,0.00092,0.005187,1
0.007265,0.99132,0.000436,0.000979,1
0.006966,0.076145,0.863689,0.0532,1
0.94678,5.8e-05,0.045214,0.007948,2
0.976095,0.000261,0.000973,0.022671,0
0.020869,0.681519,0.151199,0.146414,1
0.039998,0.016464,0.864212,0.079326,2
0.997174,0.000624,0.002006,0.000197,0
3.1e-05,0.000105,0.020962,0.978903,3
0.017974,0.00018,0.002039,0.979806,3
0.477357,0.473085,0.013891,0.035667,1
0.000953,0.076127,0.396037,0.526883,3
0.877579,0.119981,0.001285,0.001156,1
7e-06,0.000197,6e-05,0.999736,3
0.083871,0.068062,0.847873,0.000195,2
0.834869,0.000701,0.156228,0.008203,0
0.998704,0.000504,0.000681,0.000111,0
0.002124,0.979651,0.01809,0.000135,1
0.001623,0.963788,0.034417,0.000172,2
0.293638,0.00025,0.682947,0.023165,0
1.1e-05,0.00112,0.998869,0.0,2
0.995141,0.00225,0.001148,0.001461,0
6.5e-05,0.999296,0.000442,0.000197,1
0.995842,0.002865,0.000774,0.000519,0
0.929677,0.022118,0.003663,0.044542,3
0.002091,0.000252,0.984968,0.012689,2
1e-05,0.005072,0.033653,0.961264,3
0.133146,0.863994,0.002378,0.000482,0
0.082188,0.01657,0.330197,0.571045,0
0.998971,0.000122,0.00061,0.000296,0
0.003309,2.8e-05,0.957577,0.039087,2
0.102821,0.639168,0.009618,0.248393,3
5.5e-05,0.011907,0.987945,9.4e-05,2
0.205212,0.254145,0.517067,0.023576,1
0.013891,0.5857,0.005274,0.395136,3
0.290807,0.403461,0.158356,0.147376,0
0.321153,0.67528,0.002536,0.001032,0
0.093617,0.158337,0.748034,1.2e-05,2
1.3e-05,0.000489,8.2e-05,0.999417,3
1.7e-05,0.945978,0.000155,0.05385,1
0.000298,0.999643,5.4e-05,5e-06,1
0.000842,0.003815,0.13225,0.863092,2
0.388184,0.015861,0.000314,0.59564,3
1.3e-05,0.999261,0.000271,0.000455,1
0.064607,0.000513,0.021199,0.91368,3
0.19399,0.085342,0.700758,0.01991,2
0.929784,0.000476,0.065474,0.004265,2
0.000157,0.000354,0.767717,0.231771,2
4.1e-05,0.98363,0.009682,0.006647,1
0.000231,0.000146,0.999523,0.0001,2
0.009,0.013181,0.018203,0.959616,3
0.142159,0.839805,0.011958,0.006079,1
0.000228,0.000383,0.000198,0.999192,3
0.0002,7e-05,0.003467,0.996263,3
0.003823,0.984837,0.006823,0.004517,0
0.000279,1.4e-05,2e-06,0.999705,3
0.000385,0.876452,0.122772,0.000391,1
0.062185,0.002216,0.935551,4.8e-05,0
0.000986,0.997532,0.001451,3.1e-05,1
0.921974,0.00308,0.008491,0.066455,0
0.047883,0.946214,0.005818,8.5e-05,1
0.957811,0.022841,0.003541,0.015806,0
1e-06,0.001288,0.998707,4e-06,2
0.0067,0.000998,0.089082,0.90322,3
0.135967,0.055115,0.157401,0.651516,3
0.039531,0.000612,0.025923,0.933933,3
0.993102,0.000291,0.006588,1.9e-05,0
0.995339,0.000672,0.002357,0.001632,0
0.049247,7e-06,0.950713,3.4e-05,2
0.977671,7e-05,0.001288,0.02097,3
0.841321,0.000129,0.008663,0.149888,3
0.062477,0.041356,0.830717,0.06545,0
0.118932,0.002386,0.876455,0.002228,2
0.00423,0.449507,0.543559,0.002704,2
0.001671,0.134584,0.863365,0.00038,1
0.000145,0.203933,0.000626,0.795296,1
1e-06,0.00286,0.997106,3.4e-05,2
0.001003,0.025383,0.92038,0.053235,3
5.5e-05,0.115845,0.605509,0.278591,3
0.001472,0.723086,0.005116,0.270326,0
8.7e-05,3.2e-05,2.6e-05,0.999856,3
0.263251,0.000709,0.000215,0.735825,1
0.080648,0.497977,0.24601,0.175366,1
0.015187,0.004825,0.974808,0.00518,2
0.033167,0.001064,0.005109,0.960661,3
0.998564,0.000501,0.000118,0.000817,0
0.004215,0.032585,0.69221,0.27099,2
0.997776,0.000129,4.2e-05,0.002053,0
0.788594,0.126047,0.001993,0.083366,3
0.00229,0.98872,0.008973,1.7e-05,1
0.049924,0.000448,0.007126,0.942503,3
0.011216,0.021134,0.000248,0.967402,3
0.025959,0.177009,0.057304,0.739728,0
0.066913,0.00342,0.064869,0.864798,3
0.047396,0.019638,0.000393,0.932573,3
5.7e-05,1.9e-05,0.000706,0.999217,3
0.003987,0.004196,1.4e-05,0.991802,3
0.000376,2e-06,0.003309,0.996313,3
9.2e-05,0.000273,4.6e-05,0.999589,3
0.0,9e-06,0.999963,2.8e-05,2
0.048886,0.939871,0.000354,0.010888,1
0.000664,9e-06,0.000547,0.998779,3
0.791232,0.000277,0.208239,0.000252,2
0.024074,0.006042,0.969815,6.9e-05,2
0.002514,0.104863,0.112717,0.779905,3
0.006145,0.027737,0.965941,0.000177,2
3e-05,0.963829,0.028237,0.007903,1
0.011085,0.611734,0.342937,0.034244,1
0.14728,0.670553,0.015822,0.166345,1
0.138253,0.000531,0.008653,0.852563,0
0.727256,0.269137,0.002275,0.001331,0
3.8e-05,0.000445,0.185776,0.81374,3
0.107353,0.098697,0.011567,0.782383,3
0.916557,0.039527,0.020836,0.023081,0
0.112085,0.851523,0.032202,0.004189,1
0.00013,0.0,3e-06,0.999867,3
6.2e-05,6e-06,0.000163,0.99977,3
0.003609,0.036772,0.957711,0.001908,2
